
Here is a heap of 100 random values:
495 481 466 475 475 462 439 452 439 451 471 433 373 400 378 373 419 303 385 327 411 423 429 405 427 116 343 389 290 279 259 251 327 323 360 168 293 242 337 218 138 276 295 341 215 343 308 378 304 269 416 41 89 200 47 206 311 247 259 70 25 117 93 170 82 305 271 199 190 63 258 72 49 85 265 166 230 97 205 58 203 29 52 180 134 292 70 292 198 212 74 58 293 250 32 322 113 96 105 155 

The mean of the heap values is: 257
Inserting mean value into heap and deleting max value...

481 475 466 475 471 462 439 452 439 451 429 433 373 400 378 373 419 303 385 327 411 423 343 405 427 116 343 389 290 279 259 251 327 323 360 168 293 242 337 218 138 276 295 341 215 293 308 378 304 269 416 41 89 200 47 206 311 247 259 70 25 117 93 170 82 305 271 199 190 63 258 72 49 85 265 166 230 97 205 58 203 29 52 180 134 292 70 292 198 212 74 58 257 250 32 322 113 96 105 155 

Heap after sorting it into ascending order:
25 29 32 41 47 49 52 58 58 63 70 70 72 74 82 85 89 93 96 97 105 113 116 117 134 138 155 166 168 170 180 190 198 199 200 203 205 206 212 215 218 230 242 247 250 251 257 258 259 259 265 269 271 276 279 290 292 292 293 293 295 303 304 305 308 311 322 323 327 327 337 341 343 343 360 373 373 378 378 385 389 400 405 411 416 419 423 427 429 433 439 439 451 452 462 466 471 475 475 481 